1.625688374042510986e-02
2.036432474851608276e-01
1.043125241994857788e-01
-6.273552775382995605e-02
-1.216223463416099548e-01
4.579159244894981384e-02
1.220669522881507874e-01
-6.039450317621231079e-02
-3.897461667656898499e-02
-1.073766350746154785e-01
2.433623820543289185e-01
2.151453346014022827e-01
-1.137006282806396484e-01
3.063671477138996124e-02
-4.924357309937477112e-02
1.454869061708450317e-01
8.213932812213897705e-02
-2.028248608112335205e-01
2.103680074214935303e-01
9.386272728443145752e-02
5.221373587846755981e-02
-1.857120543718338013e-01
7.553997635841369629e-02
2.120877653360366821e-01
-1.085550561547279358e-01
-2.456359006464481354e-02
4.587125778198242188e-02
4.593001678586006165e-02
1.747471690177917480e-01
-1.483099013566970825e-01
4.725579544901847839e-02
6.402715295553207397e-02
-1.259820256382226944e-02
-6.562571972608566284e-03
1.404569000005722046e-01
-9.440520405769348145e-02
2.514361739158630371e-01
-3.873226791620254517e-02
-1.454658508300781250e-01
2.364218980073928833e-02
2.626436650753021240e-01
1.070958152413368225e-01
-1.133793145418167114e-01
2.333655804395675659e-01
-2.471462264657020569e-02
-1.229419186711311340e-01
-6.054679676890373230e-02
-1.251872628927230835e-01
1.565023213624954224e-01
-1.210640296339988708e-01
-8.482440561056137085e-02
-1.240287721157073975e-01
7.409257441759109497e-02
-4.854868352413177490e-02
-8.155592530965805054e-02
5.191956460475921631e-02
6.695520132780075073e-02
-1.546356230974197388e-01
2.027131468057632446e-01
-3.473875671625137329e-02
2.314246743917465210e-01
-1.047192066907882690e-01
-1.166097149252891541e-01
-1.405731439590454102e-01
-1.818236894905567169e-02
1.581121236085891724e-01
2.243698537349700928e-01
-1.529636383056640625e-01
-1.086966097354888916e-01
-3.458218649029731750e-02
-3.075006790459156036e-02
8.681546896696090698e-02
1.496613025665283203e-01
1.205558925867080688e-01
-1.468040496110916138e-01
2.023198157548904419e-01
-1.540787518024444580e-01
-7.633976638317108154e-02
-3.212655335664749146e-02
-1.026578694581985474e-01
1.123029664158821106e-01
1.027208194136619568e-01
-1.656895130872726440e-01
1.907370686531066895e-01
-1.927155256271362305e-02
1.939105242490768433e-01
9.371554106473922729e-02
-1.976159028708934784e-02
2.403027713298797607e-01
-1.574909836053848267e-01
2.275534570217132568e-01
-3.932783845812082291e-03
5.653094127774238586e-02
5.945800617337226868e-02
-1.479492038488388062e-01
-8.070498704910278320e-02
-1.379722803831100464e-01
-1.342273205518722534e-01
1.544656902551651001e-01
-5.745122954249382019e-02
-1.599304229021072388e-01
9.290809184312820435e-02
-1.550370454788208008e-01
-1.693799495697021484e-01
1.586394384503364563e-02
6.190977618098258972e-02
-3.683185577392578125e-02
-2.120173871517181396e-01
1.228841468691825867e-01
-2.551420629024505615e-01
-8.831469714641571045e-02
2.266158014535903931e-01
1.186621561646461487e-01
9.941593557596206665e-02
4.233088716864585876e-02
-1.460654437541961670e-01
1.071645021438598633e-01
-1.812953054904937744e-01
1.665813624858856201e-01
-2.447095215320587158e-01
-2.008030116558074951e-01
1.478964239358901978e-01
4.886306077241897583e-02
-1.275698095560073853e-01
1.474951952695846558e-01
