1.678653508424758911e-01
1.622050441801548004e-02
-1.730753667652606964e-02
1.610774695873260498e-01
3.698252141475677490e-02
-1.175899282097816467e-01
-2.453049086034297943e-02
6.850068271160125732e-02
-2.581944763660430908e-01
1.663913875818252563e-01
-1.850912868976593018e-01
6.159018725156784058e-02
-1.390346735715866089e-01
2.427271306514739990e-01
-5.945386830717325211e-03
1.497699767351150513e-01
-2.655369788408279419e-02
6.843062490224838257e-02
2.056062668561935425e-01
1.206793636083602905e-01
-2.212039381265640259e-01
2.279707044363021851e-01
-2.368556894361972809e-02
-1.222413107752799988e-01
6.399877369403839111e-02
2.528789937496185303e-01
-7.687330245971679688e-02
8.011526614427566528e-02
-1.092353239655494690e-01
-2.113383561372756958e-01
8.961755782365798950e-02
-8.822529017925262451e-02
-1.118324771523475647e-01
-1.450877040624618530e-01
-1.761483550071716309e-01
-1.665259003639221191e-01
-9.140358865261077881e-02
-1.320214569568634033e-01
-2.117341458797454834e-01
1.385389566421508789e-01
1.683228909969329834e-01
-2.141136080026626587e-01
-1.435656845569610596e-01
-1.408433020114898682e-01
-1.028444394469261169e-01
-6.130634620785713196e-02
2.429168671369552612e-01
2.284361049532890320e-02
1.715081781148910522e-01
-1.609585434198379517e-01
-1.100838556885719299e-01
-5.812651291489601135e-02
1.937888413667678833e-01
-5.012343823909759521e-02
-1.895553804934024811e-02
1.232557818293571472e-01
-6.722634285688400269e-02
4.579684138298034668e-02
1.480030715465545654e-01
-1.903355419635772705e-01
1.353130042552947998e-01
-1.644442230463027954e-01
-1.243198215961456299e-01
2.050591260194778442e-02
3.835016489028930664e-02
-2.635700069367885590e-02
2.371667474508285522e-01
-1.331630498170852661e-01
1.886964216828346252e-02
-1.327595412731170654e-01
2.182912081480026245e-01
1.639200299978256226e-01
1.898033916950225830e-01
-2.412227541208267212e-01
2.071954607963562012e-01
1.836399734020233154e-01
1.516792327165603638e-01
2.246936112642288208e-01
-2.375188171863555908e-01
-8.176253177225589752e-03
-1.717890352010726929e-01
3.336116904392838478e-03
1.189894676208496094e-01
1.393860131502151489e-01
9.260245412588119507e-02
-1.095021888613700867e-01
6.176482141017913818e-02
-7.422453910112380981e-02
1.551696211099624634e-01
-1.353701055049896240e-01
-9.668334573507308960e-02
-1.620206087827682495e-01
-2.425259798765182495e-01
-2.065779408439993858e-03
2.895462326705455780e-02
1.196513175964355469e-01
-1.910242885351181030e-01
6.641151756048202515e-02
1.086816489696502686e-01
-2.331346832215785980e-02
-1.249266415834426880e-01
-2.229641005396842957e-02
1.547916233539581299e-01
-1.401338726282119751e-01
9.483501315116882324e-02
-6.836280226707458496e-02
-1.909797042608261108e-01
1.644049733877182007e-01
5.481137707829475403e-02
-1.806775480508804321e-01
-1.489005237817764282e-01
-2.477358728647232056e-01
3.746309876441955566e-02
6.938144564628601074e-02
7.632397115230560303e-02
1.569646894931793213e-01
-8.998367190361022949e-02
3.987840935587882996e-02
5.597981065511703491e-02
2.497452944517135620e-01
1.085695698857307434e-01
1.659602969884872437e-01
-9.208466857671737671e-02
1.162191554903984070e-01
-1.808707565069198608e-01
1.229939609766006470e-01
-1.662709116935729980e-01
-6.797999376431107521e-04
5.941326171159744263e-02
-1.450663805007934570e-02
1.269141435623168945e-01
2.115191519260406494e-01
3.686536103487014771e-02
-1.972264051437377930e-01
9.887180477380752563e-02
7.541105151176452637e-02
-4.508666321635246277e-02
8.315697312355041504e-02
-1.890950947999954224e-01
1.634110510349273682e-01
-1.972788423299789429e-01
1.331792026758193970e-01
1.344100851565599442e-02
-8.869059383869171143e-02
2.116231024265289307e-01
-6.908459216356277466e-02
-2.283667623996734619e-01
-1.265910565853118896e-01
7.700096815824508667e-02
2.197991758584976196e-01
1.764070987701416016e-01
5.011246353387832642e-02
9.475807100534439087e-02
-9.209395200014114380e-02
2.187960743904113770e-01
-9.246311336755752563e-02
4.078892990946769714e-03
4.470666125416755676e-02
7.905135303735733032e-02
1.683360040187835693e-01
-9.858562797307968140e-02
-1.222290098667144775e-01
-2.436745315790176392e-01
-2.953551895916461945e-02
1.623222231864929199e-01
6.738203763961791992e-02
-1.429692655801773071e-01
-1.317706257104873657e-01
-7.656014710664749146e-02
9.686639904975891113e-02
1.284457892179489136e-01
9.957330673933029175e-02
-8.473768830299377441e-03
-4.248012602329254150e-02
1.002063900232315063e-01
6.754168123006820679e-02
-2.025118023157119751e-01
3.586146980524063110e-02
-1.735707819461822510e-01
-6.160742789506912231e-02
-2.398251742124557495e-02
7.832666859030723572e-03
-3.936880454421043396e-02
1.779575347900390625e-01
-2.589254640042781830e-02
-3.720618411898612976e-02
-8.981198817491531372e-02
1.813382059335708618e-01
-1.318522840738296509e-01
-1.103397607803344727e-01
-8.891167491674423218e-02
3.600618243217468262e-02
-2.240654677152633667e-01
-1.664408668875694275e-02
-2.294646054506301880e-01
7.387260347604751587e-02
2.079522311687469482e-01
1.825404763221740723e-01
1.420339643955230713e-01
3.450812771916389465e-02
-9.759251028299331665e-03
2.498637326061725616e-02
7.084625214338302612e-02
5.120699852705001831e-02
3.760210471227765083e-03
-1.048487648367881775e-01
1.355021744966506958e-01
-2.392369359731674194e-01
-9.127610921859741211e-02
-1.641343832015991211e-01
-2.071943134069442749e-02
-7.148636132478713989e-02
1.466246098279953003e-01
-5.721854418516159058e-02
1.339861843734979630e-02
-8.999317884445190430e-02
-1.039079055190086365e-01
6.161942705512046814e-02
1.926223039627075195e-01
1.553728431463241577e-01
2.931025065481662750e-02
1.527527123689651489e-01
1.117250919342041016e-01
2.082102000713348389e-01
9.871693700551986694e-02
-7.823935151100158691e-02
4.874750599265098572e-02
-3.284672647714614868e-02
1.906498819589614868e-01
-1.493270397186279297e-01
-7.179743796586990356e-02
1.914660185575485229e-01
1.881301403045654297e-01
-6.209421902894973755e-02
4.512190935201942921e-05
-1.722211986780166626e-01
1.917979419231414795e-01
1.035199239850044250e-01
1.714806407690048218e-01
-6.686087697744369507e-02
2.067951858043670654e-01
3.426046296954154968e-02
2.343555390834808350e-01
1.360483746975660324e-02
-2.035526335239410400e-01
1.384924799203872681e-01
-1.601620316505432129e-01
-1.916998624801635742e-02
-1.955192387104034424e-01
1.675705313682556152e-01
1.836390048265457153e-02
1.337906718254089355e-01
9.685758501291275024e-02
2.184244692325592041e-01
-2.409548759460449219e-01
1.424858928658068180e-04
-1.062281727790832520e-01
-7.656379602849483490e-04
6.463148444890975952e-02
1.888427324593067169e-02
9.359069168567657471e-02
1.012109145522117615e-01
-4.268988594412803650e-02
9.642786532640457153e-02
6.623343378305435181e-02
-4.067350924015045166e-02
-4.341737926006317139e-02
-3.239516541361808777e-02
1.249715536832809448e-01
-2.533753812313079834e-01
-1.819379478693008423e-01
-3.834035992622375488e-02
8.682832121849060059e-02
2.918140403926372528e-02
2.485120743513107300e-01
-9.521330893039703369e-02
1.396604031324386597e-01
1.389838010072708130e-01
4.977070912718772888e-02
1.766912937164306641e-01
1.434381902217864990e-01
1.685123145580291748e-01
-2.243938483297824860e-02
9.406183660030364990e-02
-9.676082432270050049e-02
2.165979593992233276e-01
2.070420049130916595e-02
-9.483432024717330933e-02
-6.196938082575798035e-02
-8.809886127710342407e-02
-3.986154496669769287e-02
1.292076557874679565e-01
-8.255162835121154785e-02
-1.287083774805068970e-01
3.713143616914749146e-02
9.422261267900466919e-03
-1.625678986310958862e-01
1.718567758798599243e-01
-8.352535218000411987e-02
-1.659143865108489990e-01
-1.587579958140850067e-02
-8.194214850664138794e-02
9.590568393468856812e-02
2.261582165956497192e-01
1.439940035343170166e-01
-1.315909624099731445e-02
5.672595929354429245e-03
1.595758348703384399e-01
5.126602202653884888e-02
2.449312433600425720e-02
-9.383562020957469940e-03
1.166198309510946274e-02
-1.488189548254013062e-01
3.423225507140159607e-02
-2.345448732376098633e-01
2.957280538976192474e-02
3.133064601570367813e-03
9.910414367914199829e-02
7.490111142396926880e-02
-7.425526529550552368e-02
1.291019171476364136e-01
8.610641211271286011e-02
1.927355974912643433e-01
-9.661997854709625244e-02
-1.276313811540603638e-01
4.418438673019409180e-02
2.213775962591171265e-01
2.190788276493549347e-02
-1.913619339466094971e-01
-8.280912786722183228e-02
-1.848788373172283173e-02
7.416214048862457275e-02
-2.887909486889839172e-02
-1.641760915517807007e-01
2.008048295974731445e-01
1.608127951622009277e-01
1.467954665422439575e-01
-7.088460028171539307e-02
-2.365529835224151611e-01
1.119452640414237976e-01
-1.155744655989110470e-03
-1.302463561296463013e-01
8.986388146877288818e-02
-3.772998170461505651e-04
-1.602611839771270752e-01
1.733715236186981201e-01
3.248589113354682922e-02
-1.205146461725234985e-01
-8.851031959056854248e-02
-1.572162359952926636e-01
-1.194134876132011414e-01
2.728047072887420654e-01
-1.432864665985107422e-01
-5.833955854177474976e-02
-2.198537588119506836e-01
-6.604901701211929321e-02
6.364617496728897095e-02
-2.077208757400512695e-01
-9.903669357299804688e-02
1.267300546169281006e-01
-1.728657782077789307e-01
1.969783753156661987e-01
1.141180098056793213e-01
2.133628875017166138e-01
-1.310753971338272095e-01
-1.116046458482742310e-01
1.368463486433029175e-01
-1.767428666353225708e-01
-1.910716146230697632e-01
-1.616401970386505127e-01
-3.788956999778747559e-02
-8.301445841789245605e-02
1.959156394004821777e-01
1.862389221787452698e-02
-1.448747664690017700e-01
9.153816848993301392e-02
1.961099803447723389e-01
1.708991080522537231e-01
1.424754410982131958e-01
2.383250892162322998e-01
-1.796414107084274292e-01
1.495506614446640015e-01
7.195409387350082397e-03
9.454993158578872681e-02
-1.311260014772415161e-01
-5.397608131170272827e-02
-2.536121904850006104e-01
8.320593088865280151e-02
2.075237631797790527e-01
1.604211032390594482e-01
1.791015118360519409e-01
-9.273418225347995758e-03
7.978303730487823486e-02
9.689372777938842773e-02
-2.347947359085083008e-01
-2.366532087326049805e-01
-1.104126200079917908e-01
-2.223970741033554077e-01
1.251247804611921310e-02
-1.903005689382553101e-01
4.802322387695312500e-02
2.549233734607696533e-01
1.154301762580871582e-01
5.579111725091934204e-02
-3.030834905803203583e-02
1.074425280094146729e-01
-7.779813557863235474e-02
2.407355755567550659e-01
-4.747748747467994690e-02
3.314567729830741882e-02
1.361216008663177490e-01
5.943808704614639282e-02
-1.324789822101593018e-01
-2.485125213861465454e-01
-2.480120211839675903e-02
2.172350436449050903e-01
-1.566331088542938232e-01
1.819287389516830444e-01
2.031496614217758179e-01
-2.190537899732589722e-01
1.902946531772613525e-01
-2.646909058094024658e-01
2.180985808372497559e-01
-1.629289612174034119e-02
-1.133556067943572998e-01
1.419307664036750793e-02
-1.943235695362091064e-01
-2.269225865602493286e-01
1.695181578397750854e-01
-1.459024101495742798e-01
2.719609998166561127e-02
2.501852512359619141e-01
1.865491271018981934e-01
1.499586552381515503e-01
-1.133653670549392700e-01
2.599086612462997437e-02
1.370740681886672974e-01
-1.531181931495666504e-01
1.062277927994728088e-01
-1.499464064836502075e-01
-1.069393083453178406e-01
8.129855245351791382e-02
-2.090437561273574829e-01
1.011460646986961365e-01
-1.480086985975503922e-02
8.048063516616821289e-02
-1.120139434933662415e-01
-1.983839422464370728e-01
1.234564259648323059e-01
-2.463580965995788574e-01
-6.876970827579498291e-02
2.278971523046493530e-01
-1.970550417900085449e-01
-2.646737992763519287e-01
2.017863988876342773e-01
1.138288974761962891e-01
-1.480984091758728027e-01
-2.020816802978515625e-01
-2.218362987041473389e-01
1.356178522109985352e-01
-2.531986236572265625e-01
-6.691163033246994019e-02
1.384031772613525391e-02
-3.846509754657745361e-02
-2.011947929859161377e-01
5.328759923577308655e-02
2.176339328289031982e-01
2.441469766199588776e-02
-1.989316940307617188e-01
-1.270408332347869873e-01
1.904700696468353271e-01
-2.684523165225982666e-01
2.106823027133941650e-01
-2.407493889331817627e-01
1.979667395353317261e-01
-2.053857147693634033e-01
1.532035320997238159e-01
1.572348028421401978e-01
2.143561542034149170e-01
2.017873823642730713e-01
1.994191557168960571e-01
-6.787253171205520630e-02
-1.818382740020751953e-01
7.647933065891265869e-02
1.298958957195281982e-01
3.575607761740684509e-02
1.822493523359298706e-01
-7.773246616125106812e-02
3.177095949649810791e-02
3.364985436201095581e-02
-9.393793344497680664e-02
1.707500517368316650e-01
-1.269381791353225708e-01
-1.057945787906646729e-01
3.740924969315528870e-02
3.643105551600456238e-02
1.876379176974296570e-02
2.127521485090255737e-01
-2.422901690006256104e-01
1.658643484115600586e-01
-8.781304210424423218e-02
-8.207265287637710571e-02
-1.207230091094970703e-01
1.412508487701416016e-01
-2.287658005952835083e-01
1.192930564284324646e-01
7.753344625234603882e-02
1.509707868099212646e-01
1.972339004278182983e-01
-1.824706494808197021e-01
-2.151174694299697876e-01
1.488924920558929443e-01
-1.015715226531028748e-01
-9.225151687860488892e-02
-1.662875264883041382e-01
1.098275259137153625e-01
5.987926945090293884e-02
2.828016877174377441e-03
-1.065576896071434021e-01
3.053208254277706146e-02
4.455519467592239380e-02
-1.289999783039093018e-01
-5.506058782339096069e-02
9.259073436260223389e-02
-1.265584528446197510e-01
1.088141873478889465e-01
6.484863162040710449e-02
8.147756755352020264e-02
1.932299882173538208e-01
-1.029324252158403397e-02
1.031094323843717575e-02
6.677628308534622192e-02
-1.264835447072982788e-01
-3.000196814537048340e-02
-2.446826100349426270e-01
1.325930655002593994e-01
-2.455347180366516113e-01
-1.739963442087173462e-01
-3.106416575610637665e-02
2.124291807413101196e-01
2.025698423385620117e-01
-1.444333642721176147e-01
2.407012134790420532e-01
3.525903914123773575e-03
-8.017892390489578247e-02
-9.853475540876388550e-02
-2.225918769836425781e-01
9.036638587713241577e-02
-9.123819321393966675e-02
-1.177754104137420654e-01
6.198027357459068298e-02
-6.211913656443357468e-03
7.387216389179229736e-02
-1.845122277736663818e-01
-2.073487639427185059e-01
-2.817705869674682617e-01
-2.380131483078002930e-01
2.543842419981956482e-02
-6.147995963692665100e-02
1.982302814722061157e-01
6.900150328874588013e-02
1.735452860593795776e-01
1.253559738397598267e-01
-1.840804815292358398e-01
-5.687323957681655884e-02
-1.646560281515121460e-01
-1.622448116540908813e-01
-4.253099113702774048e-02
-3.520733490586280823e-02
2.055211663246154785e-01
3.014062531292438507e-02
-1.810838431119918823e-01
1.497033983469009399e-01
-4.472162202000617981e-02
-2.393227815628051758e-02
2.634952664375305176e-01
-1.901162415742874146e-01
-2.124635428190231323e-01
1.274655014276504517e-01
-8.777011930942535400e-02
6.660068780183792114e-02
-2.526966333389282227e-01
7.451965659856796265e-02
-2.343368083238601685e-01
-4.737337678670883179e-02
-2.500414848327636719e-01
-9.802242368459701538e-02
1.633986830711364746e-01
1.702215149998664856e-02
-1.788872182369232178e-01
-1.528847664594650269e-01
5.698742344975471497e-02
-1.873312741518020630e-01
4.068611934781074524e-02
8.209177106618881226e-02
-2.472146302461624146e-01
2.426785975694656372e-02
-2.151787281036376953e-01
2.340755164623260498e-01
-1.535265892744064331e-01
5.858589336276054382e-02
4.701123759150505066e-02
1.737483143806457520e-01
2.143694758415222168e-01
-1.883350014686584473e-01
1.884414255619049072e-01
3.264044970273971558e-02
-1.568504720926284790e-01
2.013159245252609253e-01
-6.730069220066070557e-02
9.246876835823059082e-02
-1.637110561132431030e-01
2.384580373764038086e-01
7.018404081463813782e-03
1.837992519140243530e-01
1.800174266099929810e-01
8.497887104749679565e-02
2.281210124492645264e-01
1.113199144601821899e-01
1.165828015655279160e-02
6.468783318996429443e-02
-1.765405572950839996e-02
-1.099462714046239853e-02
-2.256691604852676392e-01
-1.793069839477539062e-01
6.573762744665145874e-02
2.569043040275573730e-01
-1.305991970002651215e-02
1.739897131919860840e-01
5.577648058533668518e-02
-8.603718131780624390e-02
-9.229779243469238281e-02
-1.978381425142288208e-01
-2.342572063207626343e-01
-1.305133253335952759e-01
-5.422137212008237839e-03
-1.800792068243026733e-01
-1.926951706409454346e-01
-6.714216899126768112e-03
8.644925057888031006e-02
2.018705606460571289e-01
-1.709571629762649536e-01
-4.008833318948745728e-02
1.924873888492584229e-01
1.625876426696777344e-01
2.245600074529647827e-01
-1.755077689886093140e-01
-6.895756721496582031e-02
1.593305617570877075e-01
1.818059235811233521e-01
-2.293585985898971558e-01
1.183657273650169373e-01
2.149492055177688599e-01
-1.785924285650253296e-01
2.430579662322998047e-01
2.065526992082595825e-01
2.442331053316593170e-02
8.321432769298553467e-02
-6.416878104209899902e-02
-1.527528911828994751e-01
-1.562675833702087402e-01
1.838691979646682739e-01
-1.355419456958770752e-01
-2.249740362167358398e-01
1.396073997020721436e-01
-1.494033187627792358e-01
4.028754308819770813e-02
1.341951489448547363e-01
1.697263866662979126e-01
-9.245527535676956177e-02
-6.951744854450225830e-02
1.119712069630622864e-01
7.525338977575302124e-02
-1.619853973388671875e-01
-1.347486525774002075e-01
-9.933217614889144897e-02
-1.238995492458343506e-01
7.608406245708465576e-02
2.041551768779754639e-01
2.085501700639724731e-01
-1.200128942728042603e-01
4.326753318309783936e-02
2.416866123676300049e-01
1.003220379352569580e-01
1.252292543649673462e-01
-1.186315789818763733e-01
2.819304168224334717e-02
-5.757023021578788757e-02
2.506626583635807037e-02
9.368698298931121826e-02
-3.147891256958246231e-03
1.463830322027206421e-01
2.781775593757629395e-02
-3.675638139247894287e-02
6.688765436410903931e-02
1.535490900278091431e-01
-2.180174440145492554e-01
-1.372040528804063797e-02
1.448878794908523560e-01
-1.979765892028808594e-01
2.043089866638183594e-01
1.174689456820487976e-01
-2.125210165977478027e-01
-1.018769070506095886e-01
1.692750155925750732e-01
2.078356146812438965e-01
1.951552778482437134e-01
9.807929396629333496e-02
1.424272805452346802e-01
-1.101652532815933228e-01
1.727650165557861328e-01
-5.360390618443489075e-02
1.403620839118957520e-01
2.572203986346721649e-02
-1.936891525983810425e-01
1.527028828859329224e-01
-1.771420240402221680e-01
6.685255467891693115e-02
1.231134310364723206e-01
-2.233803868293762207e-01
2.272132225334644318e-02
1.249780654907226562e-01
1.717629581689834595e-01
-1.537662744522094727e-01
6.086084619164466858e-02
1.264145523309707642e-01
1.128691434860229492e-01
-1.601145565509796143e-01
1.138706877827644348e-01
1.478537917137145996e-01
-5.565052106976509094e-02
-1.228447407484054565e-01
6.959430873394012451e-02
2.379120141267776489e-01
2.140621542930603027e-01
-1.539997011423110962e-01
-4.463028535246849060e-02
1.323036253452301025e-01
-7.498189061880111694e-02
-1.116048172116279602e-02
1.589680165052413940e-01
-2.118507623672485352e-01
2.010773718357086182e-01
-1.357363313436508179e-01
-4.261049628257751465e-02
1.723904162645339966e-01
-7.711717858910560608e-03
-2.478731721639633179e-01
-1.366874873638153076e-01
-2.448741346597671509e-02
2.106578201055526733e-01
-1.854695826768875122e-01
-2.211595177650451660e-01
-7.764699985273182392e-04
-1.490893512964248657e-01
-2.054730197414755821e-03
-8.617417514324188232e-02
-5.836819112300872803e-02
1.044366061687469482e-01
7.674497365951538086e-02
-2.057685554027557373e-01
6.676989793777465820e-02
-1.171169728040695190e-01
-5.558253824710845947e-02
6.399399787187576294e-02
4.452355206012725830e-03
3.310909122228622437e-02
-2.089552879333496094e-01
-4.026914387941360474e-02
2.018449455499649048e-01
9.183874726295471191e-02
-7.805963605642318726e-02
1.604126989841461182e-01
1.995548754930496216e-01
2.316058576107025146e-01
1.841006129980087280e-01
1.549754440784454346e-01
1.298560351133346558e-01
-2.069545835256576538e-01
-1.003755852580070496e-01
-1.183181032538414001e-01
2.996688708662986755e-02
-1.757464706897735596e-01
-1.417759954929351807e-01
1.010106354951858521e-01
1.035563498735427856e-01
7.887858152389526367e-02
-2.106839716434478760e-01
-1.793457269668579102e-01
-7.905805110931396484e-02
1.101850867271423340e-01
6.057237833738327026e-02
2.411386072635650635e-01
-3.521668165922164917e-02
1.055345162749290466e-01
-5.156691372394561768e-02
1.229562982916831970e-01
-1.020603179931640625e-01
-1.333155930042266846e-01
-1.589413285255432129e-01
1.108072251081466675e-01
8.235991746187210083e-02
5.719513818621635437e-02
2.004577815532684326e-01
-2.031102776527404785e-01
2.095216214656829834e-01
-1.553313136100769043e-01
6.634476780891418457e-02
6.624300032854080200e-02
-1.792624145746231079e-01
-3.567757550626993179e-03
-7.932943105697631836e-02
-1.503430455923080444e-01
3.261296078562736511e-02
1.954488009214401245e-01
-6.000576913356781006e-02
-1.238265335559844971e-01
-5.818620789796113968e-03
1.324650943279266357e-01
-8.053422719240188599e-02
1.319849938154220581e-01
4.723132029175758362e-02
-1.611884683370590210e-01
-1.643382459878921509e-01
1.026499420404434204e-01
-1.691332012414932251e-01
1.155905425548553467e-01
-1.231179106980562210e-02
-2.255848497152328491e-01
4.898324981331825256e-02
5.033153295516967773e-02
-1.051150858402252197e-01
-2.353903949260711670e-01
-1.560250669717788696e-01
-2.959385886788368225e-02
1.016121506690979004e-01
-2.044887393712997437e-01
-3.983589634299278259e-02
-1.249060779809951782e-01
-1.908841282129287720e-01
1.682725250720977783e-01
-3.605117648839950562e-02
-1.010740995407104492e-01
1.319382488727569580e-01
-1.433880031108856201e-01
1.446425914764404297e-01
2.568589746952056885e-01
1.571397632360458374e-01
-6.278803944587707520e-02
1.407006531953811646e-01
1.125901713967323303e-01
-1.775005161762237549e-01
-2.370925545692443848e-01
-7.550571858882904053e-02
9.241438657045364380e-02
2.269095182418823242e-01
5.125172808766365051e-02
-4.057326912879943848e-02
2.192731248214840889e-03
2.035443484783172607e-01
-2.129471674561500549e-02
2.493818290531635284e-02
-1.883283406496047974e-01
8.110400289297103882e-02
3.200100362300872803e-02
-1.825357973575592041e-01
1.751294881105422974e-01
-2.273783236742019653e-01
-5.803705751895904541e-02
-1.739435084164142609e-02
1.476549804210662842e-01
6.982813030481338501e-02
-6.079645454883575439e-02
4.383805766701698303e-02
1.207486391067504883e-01
2.331847250461578369e-01
-2.239755988121032715e-01
1.558535844087600708e-01
-3.826661780476570129e-02
7.320652157068252563e-02
6.132710352540016174e-02
-2.179840207099914551e-02
1.631325669586658478e-02
-1.530962288379669189e-01
-1.351400017738342285e-01
2.249001711606979370e-01
9.748923033475875854e-02
6.411740183830261230e-02
1.881274431943893433e-01
-8.273027092218399048e-02
-1.963611990213394165e-01
1.453102082014083862e-01
-1.152618080377578735e-01
-1.600071489810943604e-01
-1.120128110051155090e-01
5.566263943910598755e-02
-1.684957742691040039e-02
6.748035550117492676e-02
-8.850566111505031586e-03
1.808415651321411133e-01
8.335561305284500122e-02
5.008521676063537598e-02
5.180393159389495850e-02
2.020511031150817871e-01
1.926110982894897461e-01
7.777069509029388428e-02
-1.324214786291122437e-01
1.541326195001602173e-01
1.025170981884002686e-01
2.639571391046047211e-02
2.094745784997940063e-01
-8.777700364589691162e-02
-2.390185743570327759e-01
1.547071188688278198e-01
-3.515385463833808899e-02
-2.196545600891113281e-01
1.309052556753158569e-01
-1.925612241029739380e-01
-2.128455042839050293e-01
1.455628424882888794e-01
8.054441958665847778e-02
-1.022750809788703918e-01
5.581745877861976624e-02
-3.852992132306098938e-02
2.771147899329662323e-02
1.094711851328611374e-02
2.116608470678329468e-01
-8.648809790611267090e-02
-7.291661202907562256e-02
1.117255166172981262e-01
-1.799571663141250610e-01
-5.794227123260498047e-02
-1.062235385179519653e-01
3.755715116858482361e-02
7.615488767623901367e-02
-2.337164133787155151e-01
2.099029570817947388e-01
2.468755701556801796e-03
2.223736196756362915e-01
-1.889961957931518555e-01
2.451359778642654419e-01
-9.201915562152862549e-02
-5.554926022887229919e-02
9.420537203550338745e-02
2.454706467688083649e-03
-2.305566966533660889e-01
2.751947008073329926e-02
1.209677830338478088e-01
1.192513182759284973e-01
-1.682270914316177368e-01
1.466732025146484375e-01
-1.616307049989700317e-01
1.325691491365432739e-01
-1.709369011223316193e-02
-1.799681633710861206e-01
-1.622386574745178223e-01
7.670393586158752441e-02
-9.933199733495712280e-02
-8.849278837442398071e-02
2.968738228082656860e-02
1.710132658481597900e-01
-6.918126344680786133e-02
1.198840662837028503e-01
-9.610963054001331329e-03
-2.015186250209808350e-01
-1.912980824708938599e-01
2.317178696393966675e-01
5.162055045366287231e-02
3.829033672809600830e-02
7.796778529882431030e-02
1.397804915904998779e-01
2.678728699684143066e-01
5.457936227321624756e-02
-1.562486290931701660e-01
6.382391601800918579e-02
1.652212142944335938e-01
-1.094531118869781494e-01
2.453209310770034790e-01
-1.196690127253532410e-01
-2.385980337858200073e-01
1.224537938833236694e-01
1.702271401882171631e-01
-2.510020732879638672e-01
2.037021070718765259e-01
2.347624450922012329e-01
-2.837485261261463165e-02
-1.852865703403949738e-02
9.508716315031051636e-02
-1.413677334785461426e-01
-1.821195036172866821e-01
1.309810429811477661e-01
1.511177886277437210e-02
-1.575897075235843658e-02
5.280578881502151489e-02
6.120672076940536499e-02
1.732084900140762329e-01
1.283244788646697998e-01
-7.444313913583755493e-02
1.768481880426406860e-01
7.657542824745178223e-02
